                          PanelOLS Estimation Summary                           
================================================================================
Dep. Variable:         mean_log_hours   R-squared:                        0.0071
Estimator:                   PanelOLS   R-squared (Between):             -0.0569
No. Observations:                3775   R-squared (Within):              -0.0025
Date:                Thu, Jun 25 2026   R-squared (Overall):             -0.0106
Time:                        18:01:45   Log-likelihood                   -6189.7
Cov. Estimator:             Clustered                                           
                                        F-statistic:                      0.5352
Entities:                          88   P-value                           0.9964
Avg Obs:                       42.898   Distribution:                 F(48,3577)
Min Obs:                       3.0000                                           
Max Obs:                       63.000   F-statistic (robust):             12.698
                                        P-value                           0.0000
Time periods:                      63   Distribution:                 F(48,3577)
Avg Obs:                       59.921                                           
Min Obs:                       24.000                                           
Max Obs:                       77.000                                           
                                                                                
                             Parameter Estimates                              
==============================================================================
            Parameter  Std. Err.     T-stat    P-value    Lower CI    Upper CI
------------------------------------------------------------------------------
em_m24         0.0470     0.4372     0.1074     0.9144     -0.8102      0.9041
em_m23        -0.0044     0.4480    -0.0098     0.9922     -0.8829      0.8740
em_m22         0.0467     0.4011     0.1164     0.9073     -0.7397      0.8331
em_m21        -0.0050     0.3540    -0.0142     0.9886     -0.6992      0.6891
em_m20        -0.1720     0.3404    -0.5051     0.6135     -0.8394      0.4955
em_m19        -0.0602     0.2793    -0.2156     0.8293     -0.6079      0.4874
em_m18         0.0090     0.3170     0.0283     0.9774     -0.6125      0.6304
em_m17        -0.3281     0.2640    -1.2429     0.2140     -0.8458      0.1895
em_m16         0.4530     0.4629     0.9787     0.3278     -0.4545      1.3605
em_m15        -0.0250     0.3242    -0.0772     0.9385     -0.6606      0.6106
em_m14        -0.2179     0.3291    -0.6619     0.5081     -0.8632      0.4275
em_m13         0.0238     0.4654     0.0511     0.9592     -0.8886      0.9362
em_m12         0.1435     0.4030     0.3560     0.7219     -0.6467      0.9337
em_m11         0.0191     0.3079     0.0621     0.9505     -0.5845      0.6227
em_m10        -0.2618     0.2435    -1.0754     0.2823     -0.7392      0.2155
em_m9         -0.1725     0.2265    -0.7618     0.4462     -0.6166      0.2715
em_m8          0.0225     0.2850     0.0790     0.9370     -0.5363      0.5814
em_m7          0.1777     0.3498     0.5082     0.6114     -0.5080      0.8635
em_m6         -0.0149     0.2250    -0.0664     0.9470     -0.4560      0.4261
em_m5         -0.2069     0.2031    -1.0187     0.3084     -0.6052      0.1913
em_m4          0.4796     0.4731     1.0138     0.3107     -0.4479      1.4072
em_m3         -0.0956     0.2285    -0.4185     0.6756     -0.5437      0.3524
em_m2          0.1460     0.2314     0.6310     0.5281     -0.3076      0.5997
em_0          -0.1560     0.2145    -0.7275     0.4670     -0.5766      0.2645
em_1          -0.1872     0.1813    -1.0327     0.3018     -0.5426      0.1682
em_2           0.2810     0.2598     1.0817     0.2795     -0.2283      0.7903
em_3           0.0378     0.1511     0.2503     0.8024     -0.2584      0.3340
em_4           0.1664     0.2950     0.5639     0.5729     -0.4120      0.7448
em_5           0.1010     0.2691     0.3755     0.7073     -0.4265      0.6286
em_6           0.1367     0.2603     0.5252     0.5995     -0.3737      0.6471
em_7           0.0352     0.2905     0.1214     0.9034     -0.5342      0.6047
em_8          -0.0592     0.2510    -0.2360     0.8135     -0.5514      0.4329
em_9           0.0190     0.2831     0.0671     0.9465     -0.5360      0.5740
em_10          0.1163     0.2368     0.4910     0.6235     -0.3480      0.5805
em_11          0.1816     0.2968     0.6118     0.5407     -0.4003      0.7635
em_12          0.1057     0.2322     0.4551     0.6491     -0.3496      0.5609
em_13          0.1163     0.2191     0.5307     0.5957     -0.3134      0.5459
em_14         -0.1768     0.2026    -0.8727     0.3829     -0.5739      0.2204
em_15         -0.0838     0.2440    -0.3436     0.7312     -0.5622      0.3946
em_16          0.0302     0.2422     0.1249     0.9006     -0.4445      0.5050
em_17          0.1280     0.2312     0.5538     0.5798     -0.3253      0.5814
em_18          0.2260     0.2364     0.9561     0.3391     -0.2375      0.6895
em_19          0.4435     0.2982     1.4872     0.1371     -0.1412      1.0283
em_20          0.4713     0.2640     1.7851     0.0743     -0.0464      0.9889
em_21          0.4339     0.2578     1.6830     0.0925     -0.0716      0.9394
em_22          0.4139     0.3477     1.1903     0.2340     -0.2679      1.0957
em_23          0.9185     0.4170     2.2024     0.0277      0.1008      1.7361
em_24          0.7712     0.3837     2.0101     0.0445      0.0190      1.5234
const          3.1675     0.0420     75.450     0.0000      3.0852      3.2498
==============================================================================

F-test for Poolability: 21.573
P-value: 0.0000
Distribution: F(149,3577)

Included effects: Entity, Time